0.844422 0.757954 9
0.420572 0.258917 0
0.511275 0.404934 4
0.783799 0.303313 2
0.476597 0.583382 4
0.908113 0.504687 7
0.281838 0.755804 8
0.618369 0.250506 2
0.909746 0.982785 9
0.810217 0.902166 9
0.310148 0.729832 8
0.898838 0.683984 7
0.472143 0.100701 0
0.434172 0.610887 4
0.913011 0.966606 9
0.47701 0.86531 3
0.260492 0.805028 8
0.548699 0.0140417 0
0.719705 0.398824 2
0.824845 0.668153 7
0.00114282 0.493578 6
0.867603 0.243911 1
0.325204 0.870471 8
0.191067 0.567511 6
0.238616 0.96754 8
0.803179 0.44797 2
0.0804458 0.320055 5
0.507941 0.932834 3
0.109058 0.551267 6
0.706561 0.547441 2
0.814467 0.540284 7
0.963839 0.603186 7
0.587617 0.444989 2
0.596287 0.384901 2
0.575651 0.29033 2
0.189391 0.18673 5
0.612773 0.656659 3
0.476531 0.0898244 0
0.757604 0.87677 9
0.923381 0.84246 9
0.898173 0.923082 9
0.5406 0.391296 4
0.705283 0.275634 2
0.811629 0.849486 9
0.895039 0.589801 7
0.949765 0.579695 7
0.450563 0.660245 3
0.996258 0.916941 9
0.793325 0.082373 1
0.612783 0.486444 2
0.630147 0.845078 3
0.243036 0.731489 8
0.117134 0.220461 5
0.794583 0.332536 2
0.815913 0.100608 1
0.146358 0.697671 6
0.0452341 0.573866 6
0.910016 0.534198 7
0.680589 0.0266968 1
0.635 0.606338 3
0.575953 0.391209 2
0.37014 0.980517 8
0.036392 0.0216365 5
0.961031 0.184972 1
0.123895 0.210577 5
0.800747 0.936969 9
0.0227826 0.425619 6
0.1015 0.25992 5
0.220829 0.646926 6
0.350294 0.180318 0
0.503636 0.0393787 0
0.100921 0.988235 8
0.199356 0.358555 5
0.731598 0.838327 9
0.918482 0.169425 1
0.672641 0.966549 9
0.0580509 0.676202 6
0.845425 0.342313 2
0.250687 0.596791 6
0.442314 0.174819 0
0.471625 0.409905 4
0.569113 0.5086 4
0.311446 0.357152 4
0.837661 0.250933 1
0.5606 0.0124363 0
0.741574 0.335917 2
0.0456965 0.280883 5
0.24013 0.953129 8
0.352226 0.287878 4
0.359201 0.946906 8
0.633748 0.621077 3
0.715619 0.388017 2
0.414418 0.650833 3
0.00152422 0.19231 5
0.334402 0.239416 0
0.637399 0.378648 2
0.875423 0.568151 7
0.414406 0.402267 4
0.70183 0.418227 2
0.662196 0.0467797 1
0.445352 0.259227 0
0.157687 0.527573 6
0.487266 0.561405 4
0.755485 0.883875 9
0.494583 0.312058 4
0.466892 0.809046 3
0.875016 0.812415 9
0.188001 0.99942 8
0.633089 0.0834671 0
0.725554 0.986821 9
0.401817 0.678515 3
0.316177 0.213525 0
0.717324 0.00235756 1
0.822731 0.528346 7
0.0977843 0.118904 5
0.649265 0.873654 3
0.279983 0.978515 8
0.100181 0.853938 8
0.396696 0.0813454 0
0.274714 0.452978 4
0.792342 0.86136 9
0.133421 0.520865 6
0.650783 0.347053 2
0.871864 0.27841 1
0.0185743 0.0406633 5
0.680997 0.558356 2
0.946503 0.938439 9
0.909851 0.0420045 1
0.749135 0.701325 7
0.655362 0.712358 3
0.90271 0.640141 7
0.372449 0.537929 4
0.207844 0.587125 6
0.00889708 0.151023 5
0.333408 0.789623 8
0.718499 0.338256 2
0.620538 0.041203 0
0.163861 0.981914 8
0.289531 0.394792 4
0.548484 0.293407 0
0.478065 0.239706 0
0.0482564 0.179587 5
0.52305 0.0708629 0
0.403169 0.328521 4
0.414722 0.0994003 0
0.908658 0.474005 7
0.840848 0.976229 9
0.343652 0.479087 4
0.699595 0.426535 2
0.301903 0.734751 8
0.8944 0.919689 9
0.626742 0.375571 2
0.97456 0.638879 7
0.0658347 0.0846696 5
0.74987 0.0611562 1
0.00785101 0.393808 6
0.519004 0.448544 4
0.488619 0.584889 4
0.679303 0.423038 2
0.368331 0.988459 8
0.260917 0.7771 8
0.431221 0.35852 4
0.063858 0.863579 8
0.702004 0.903011 9
0.451612 0.676921 3
0.11891 0.397954 6
0.207232 0.0421014 5
0.947961 0.215894 1
0.146354 0.19797 5
0.378032 0.546391 4
0.151334 0.98869 8
0.982989 0.148402 1
0.405907 0.679929 3
0.877657 0.495406 7
0.917047 0.32246 1
0.498441 0.498647 4
0.670068 0.201991 1
0.609771 0.218773 0
0.34022 0.962566 8
0.899008 0.818118 9
0.0354683 0.148367 5
0.256882 0.784167 8
0.842333 0.582948 7
0.718132 0.807055 9
0.0663591 0.0846431 5
0.868895 0.0394158 1
0.225091 0.040632 5
0.0152851 0.843955 8
0.330594 0.16069 0
0.148819 0.656084 6
0.968598 0.505 7
0.901091 0.502429 7
0.573873 0.678571 3
0.80511 0.757846 9
0.990533 0.746965 9
0.905781 0.206105 1
0.535416 0.598614 3
0.825697 0.482214 7
0.79104 0.388569 2
0.586388 0.851317 3
0.798059 0.656985 7
0.000240697 0.181969 5
0.506858 0.254459 0
0.0656208 0.859883 8
0.942947 0.302805 1
0.408073 0.810038 3
0.0622588 0.640985 6
0.127321 0.287088 5
0.829941 0.055527 1
0.0359338 0.417866 6
0.491831 0.863325 3
0.717189 0.673544 7
0.151374 0.986706 8
0.41114 0.611771 4
0.386683 0.0470329 0
0.470889 0.151368 0
0.0324655 0.6174 6
0.629966 0.105293 0
0.549144 0.346668 2
0.383414 0.77642 3
0.49032 0.881277 3
0.61012 0.467188 2
0.632313 0.337865 2
0.124324 0.68253 6
0.622037 0.788566 3
0.127109 0.911783 8
0.799341 0.916887 9
0.872535 0.681006 7
0.810251 0.519007 7
0.785489 0.189127 1
0.782114 0.44458 2
0.756616 0.45547 2
0.789559 0.0753396 1
0.0446409 0.93429 8
0.486165 0.901071 3
0.944783 0.666511 7
0.571797 0.215979 0
0.0934762 0.819394 8
0.888772 0.779396 9
0.698502 0.420111 2
0.305312 0.113445 0
0.42597 0.566013 4
0.922881 0.935755 9
0.415641 0.099211 0
0.773819 0.734279 9
0.0307008 0.446719 6
0.686418 0.0301342 1
0.919282 0.962242 9
0.722543 0.0785385 1
0.0703295 0.359253 5
0.0293775 0.347878 5
0.00996424 0.974324 8
0.819007 0.0705176 1
0.893435 0.207978 1
0.204791 0.673759 6
0.938262 0.123188 1
0.00718457 0.36913 5
0.02465 0.604848 6
0.859176 0.186992 1
0.112391 0.34445 5
0.959172 0.130158 1
0.966519 0.36224 7
0.47337 0.292632 0
0.937127 0.958148 9
0.635916 0.184046 0
0.992952 0.10258 1
0.580849 0.156403 0
0.897675 0.945678 9
0.80439 0.315891 2
0.242839 0.754858 8
0.29106 0.419785 4
0.0462557 0.132234 5
0.0205496 0.0779211 5
0.0732111 0.420232 6
0.550777 0.740879 3
0.142283 0.422189 6
0.636966 0.0845557 0
0.444811 0.369256 4
0.948932 0.0578571 1
0.408626 0.417225 4
0.728181 0.320671 2
0.20399 0.293312 5
0.470888 0.950268 3
0.796517 0.27697 2
0.558182 0.6882 3
0.795657 0.446164 2
0.398777 0.767641 3
0.431717 0.247958 0
0.453447 0.937105 3
0.142567 0.462435 6
0.637304 0.483288 2
0.20364 0.00184316 5
0.698992 0.618735 7
0.00777665 0.29856 5
0.768634 0.62892 7
0.545208 0.156221 0
0.706294 0.471435 2
0.678179 0.76009 3
0.232363 0.761995 8
0.280088 0.984015 8
0.120832 0.883718 8
0.0405471 0.256576 5
0.526102 0.581616 4
0.396235 0.102032 0
0.252608 0.283397 5
0.755223 0.908774 9
0.59541 0.035451 0
0.792236 0.305604 2
0.33989 0.530185 4
0.249047 0.919978 8
0.163555 0.41483 6
0.289692 0.519834 4
0.573982 0.62714 3
0.531376 0.410805 4
0.634594 0.403413 2
0.77855 0.788177 9
0.292254 0.371804 4
0.628811 0.15707 0
0.697032 0.381428 2
0.591062 0.139533 0
0.668258 0.354058 2
0.472666 0.415107 4
0.476715 0.694696 3
0.31824 0.652054 6
0.0602221 0.300185 5
0.74521 0.0524059 1
0.621142 0.0255468 0
0.471529 0.888545 3
0.0101101 0.526828 6
0.0664568 0.86711 8
0.686297 0.741954 3
0.669008 0.00642345 1
0.0411779 0.620877 6
0.999685 0.873147 9
0.699686 0.7271 3
0.226687 0.751614 8
0.287924 0.10546 5
0.460895 0.330196 4
0.168255 0.42171 6
0.897201 0.43527 7
0.447292 0.708828 3
0.524162 0.129223 0
0.910392 0.444124 7
0.789338 0.388875 2
0.806846 0.389536 2
0.22016 0.196195 5
0.940035 0.58653 7
0.0497933 0.388348 6
0.234029 0.0846571 5
0.186756 0.0569905 5
0.638074 0.173374 0
0.61078 0.612507 3
0.704924 0.512119 2
0.284424 0.877457 8
0.353071 0.458294 4
0.631879 0.516124 2
0.956468 0.954718 9
0.92976 0.934076 9
0.58096 0.490202 2
0.704117 0.21542 1
0.265872 0.0438073 5
0.162858 0.00387455 5
0.654628 0.140407 1
0.786679 0.680504 7
0.970676 0.396514 7
0.921392 0.453704 7
0.339504 0.102339 0
0.882832 0.79479 9
0.322929 0.455744 4
0.325143 0.0288291 0
0.0443525 0.368704 5
0.209591 0.524515 6
0.187785 0.201622 5
0.672668 0.735603 3
0.312232 0.859994 8
0.254639 0.34394 4
0.71248 0.0445029 1
0.934183 0.0723377 1
0.460931 0.724605 3
0.0474685 0.809003 8
0.978893 0.460512 7
0.118124 0.081477 5
0.0987304 0.765441 8
0.414013 0.919234 3
0.44064 0.0771433 0
0.426936 0.754828 3
0.829338 0.0393517 1
0.180389 0.490013 6
0.128085 0.871093 8
0.934461 0.319597 1
0.434844 0.557054 4
0.285506 0.541076 6
0.201185 0.296641 5
0.441784 0.60467 4
0.536165 0.260988 0
0.231788 0.11873 5
0.783494 0.0989008 1
0.732885 0.248774 2
0.284557 0.736083 8
0.659621 0.741922 3
0.515283 0.859096 3
0.121794 0.645197 6
0.118244 0.737283 8
0.358905 0.674882 3
0.703484 0.660608 7
0.221558 0.8318 8
0.240136 0.518153 6
0.674646 0.233603 2
0.628512 0.286831 2
0.171382 0.809749 8
0.553123 0.327885 2
0.585431 0.0252864 0
0.129823 0.395581 6
0.975757 0.510475 7
0.0764562 0.765041 8
0.781444 0.774802 9
0.569498 0.695699 3
0.213458 0.732561 8
0.816174 0.759967 9
0.353462 0.591028 4
0.628989 0.90081 3
0.108014 0.833934 8
0.526436 0.358614 4
0.455603 0.0126355 0
0.220074 0.652763 6
0.660849 0.494699 2
0.953326 0.480915 7
0.313944 0.847781 8
0.259158 0.604306 6
0.703419 0.821696 9
0.785369 0.384092 2
0.0591803 0.0382879 5
0.72646 0.961691 9
0.343165 0.441195 4
0.725798 0.657831 7
0.260107 0.671585 6
0.304902 0.356358 4
0.539513 0.732314 3
0.151216 0.0219872 5
0.62783 0.0245647 0
0.0449632 0.225776 5
0.653877 0.0665451 1
0.0624058 0.972093 8
0.422653 0.892429 3
0.216524 0.435213 6
0.358035 0.176936 0
0.328813 0.986796 8
0.747309 0.382668 2
0.409284 0.263741 0
0.531337 0.735637 3
0.686647 0.46265 2
0.041939 0.921508 8
0.408934 0.390299 4
0.00311011 0.138227 5
0.868853 0.513935 7
0.732435 0.148168 1
0.330051 0.840137 8
0.820659 0.246794 1
0.0219753 0.806467 8
0.168844 0.787681 8
0.683659 0.168315 1
0.0784886 0.927649 8
0.597878 0.62051 3
0.457512 0.150071 0
0.60197 0.252473 0
0.805895 0.732719 9
0.0272672 0.932423 8
0.036316 0.0896193 5
0.292735 0.150809 5
0.236145 0.355809 4
0.7355 0.404711 2
0.26984 0.492313 6
0.392593 0.310764 4
0.900542 0.550448 7
0.977328 0.772912 9
0.570499 0.262447 0
0.686844 0.455918 2
0.721388 0.403779 2
0.496005 0.0206838 0
0.739959 0.0342735 1
0.680725 0.582004 7
0.775918 0.289778 2
0.686111 0.207098 1
0.529272 0.34028 4
0.978455 0.971867 9
0.20897 0.566038 6
0.329443 0.968538 8
0.924526 0.586146 7
0.720084 0.681325 7
0.353356 0.916362 8
0.899454 0.330658 2
0.747395 0.00909213 1
0.816359 0.564869 7
0.952307 0.363193 7
0.625713 0.323002 2
0.782785 0.600703 7
0.987471 0.00101279 1
0.140759 0.0436014 5
0.125848 0.929385 8
0.948608 0.480413 7
0.946689 0.818388 9
0.778618 0.747282 9
0.187655 0.548877 6
0.423879 0.949788 3
0.173834 0.169859 5
0.658862 0.157402 1
0.110054 0.503923 6
0.796661 0.605046 7
0.754754 0.265759 2
0.284963 0.428704 4
0.990848 0.717918 7
0.946254 0.53787 7
0.55456 0.99009 3
0.189988 0.78259 8
0.791514 0.844742 9
0.750053 0.155333 1
0.661128 0.923703 9
0.563285 0.360941 2
0.94952 0.561599 7
0.411636 0.614133 4
0.804125 0.228302 1
0.015692 0.529095 6
0.941357 0.680258 7
0.630908 0.627815 3
0.49699 0.730919 3
0.249194 0.891754 8
0.274473 0.944945 8
0.926497 0.0779245 1
0.44818 0.744036 3
0.449654 0.508899 4
0.806824 0.704992 7
0.958004 0.164486 1
0.923559 0.927986 9
0.634749 0.940391 3
0.252686 0.881787 8
0.773479 0.609689 7
0.0906292 0.0301344 5
0.0109695 0.250558 5
0.762352 0.386625 2
0.775447 0.625642 7
0.389262 0.880147 3
0.0384172 0.465313 6
0.829852 0.126813 1
0.710488 0.328116 2
0.0243013 0.473725 6
0.521693 0.0415863 0
0.565919 0.347434 2
0.00449321 0.190773 5
0.110811 0.540622 6
0.0431202 0.928133 8
0.845062 0.945298 9
0.314801 0.905267 8
0.984312 0.764731 9
0.275083 0.670889 6
0.595663 0.404203 2
0.306098 0.0598482 0
0.125382 0.133956 5
0.480893 0.641893 3
0.764068 0.0467138 1
0.82376 0.0434712 1
0.554947 0.744148 3
0.631221 0.949679 3
0.344698 0.585883 4
0.0827991 0.559797 6
0.813299 0.201605 1
0.260965 0.700406 8
0.253882 0.259245 5
0.935515 0.998543 9
0.155198 0.900162 8
0.552727 0.0386011 0
0.585503 0.64155 3
0.0337957 0.757692 8
0.8178 0.0716432 1
0.6484 0.456547 2
0.238721 0.45867 6
0.15939 0.333666 5
0.655207 0.476486 2
0.55592 0.543443 4
0.820594 0.343383 2
0.812962 0.0799871 1
0.427733 0.35232 4
0.451581 0.83351 3
0.512399 0.987247 3
0.861461 0.118847 1
0.316892 0.0227255 0
0.733753 0.0192008 1
0.885939 0.193343 1
0.413836 0.0620393 0
0.311255 0.389515 4
0.052231 0.767551 8
0.71135 0.357884 2
0.835193 0.0774218 1
0.0540064 0.35498 5
0.901841 0.756468 9
0.672318 0.562736 2
0.803766 0.412227 2
0.0306886 0.802404 8
0.190493 0.387659 6
0.357609 0.123366 0
0.350784 0.177087 0
0.616014 0.653434 3
0.0136466 0.456476 6
0.554053 0.871663 3
0.496031 0.0804504 0
0.0517239 0.862109 8
0.790729 0.858448 9
0.262243 0.647997 6
0.095718 0.826573 8
0.333613 0.955147 8
0.471383 0.0330677 0
0.909056 0.625532 7
0.287081 0.0368039 0
0.376686 0.156861 0
0.54828 0.146884 0
0.174614 0.920869 8
0.64012 0.242581 2
0.878896 0.624716 7
0.945599 0.482917 7
0.887901 0.678444 7
0.0441686 0.24029 5
0.281576 0.170017 5
0.238187 0.22604 5
0.878344 0.462899 7
0.876512 0.137998 1
0.564918 0.0134677 0
0.930301 0.00563711 1
0.389908 0.801586 3
0.999882 0.0195097 1
0.824085 0.510088 7
0.038182 0.777119 8
0.111902 0.611474 6
0.778325 0.673591 7
0.379874 0.0264416 0
0.436264 0.913695 3
0.332923 0.247959 0
0.137831 0.510252 6
0.533348 0.0730482 0
0.407758 0.658681 3
0.966051 0.431541 7
0.436035 0.471134 4
0.225033 0.394838 6
0.645265 0.397059 2
0.581376 0.835582 3
0.997968 0.88504 9
0.371797 0.0217271 0
0.611605 0.474551 2
0.237017 0.0403041 5
0.32157 0.798071 8
0.964119 0.10666 1
0.877639 0.0487177 1
0.713476 0.0267957 1
0.42105 0.870231 3
0.393108 0.924564 3
0.713195 0.604184 7
0.161379 0.340496 5
0.411096 0.590205 4
0.996038 0.28371 1
0.503563 0.933448 3
0.345421 0.628605 4
0.766132 0.63027 7
0.753431 0.195693 1
0.957338 0.176898 1
0.583681 0.296043 2
0.634423 0.29111 2
0.431213 0.682223 3
0.269069 0.727876 8
0.346878 0.132156 0
0.613129 0.165758 0
0.430577 0.398397 4
0.0761689 0.71077 6
0.680824 0.777795 3
0.544913 0.553917 4
0.169233 0.207464 5
0.228249 0.525304 6
0.818983 0.356974 2
0.881872 0.735878 9
0.716447 0.335172 2
0.118477 0.96279 8
0.854611 0.408868 2
0.863218 0.899217 9
0.342474 0.501561 4
0.33179 0.695158 3
0.912167 0.984544 9
0.743779 0.305242 2
0.880493 0.99262 9
0.346526 0.948712 8
0.511546 0.964635 3
0.995856 0.812942 9
0.683437 0.154014 1
0.00491728 0.595471 6
0.70446 0.935538 9
0.51712 0.696847 3
0.647356 0.20492 0
0.6443 0.981721 9
0.111185 0.688543 6
0.614305 0.375855 2
0.793348 0.0104859 1
0.892412 0.817364 9
0.480705 0.108139 0
0.452629 0.584253 4
0.253883 0.486531 6
0.775729 0.922732 9
0.561645 0.827242 3
0.0779332 0.856368 8
0.920815 0.168001 1
0.827487 0.849566 9
0.878659 0.517139 7
0.608254 0.208083 0
0.708132 0.405017 2
0.0211691 0.134267 5
0.388218 0.88518 3
0.564942 0.916257 3
0.929484 0.086795 1
0.588215 0.334528 2
0.506795 0.455525 4
0.479943 0.101806 0
0.83316 0.49028 7
0.644988 0.472679 2
0.181018 0.541001 6
0.15954 0.852179 8
0.831604 0.143639 1
0.068844 0.0684919 5
0.393244 0.953041 3
0.55614 0.265527 0
0.229649 0.110873 5
0.141071 0.811863 8
0.138633 0.864062 8
0.822998 0.136809 1
0.558725 0.00705527 0
0.862036 0.558277 7
0.75534 0.490345 2
0.690422 0.931239 9
0.559546 0.874705 3
0.343045 0.0975325 0
0.00514464 0.22665 5
0.838587 0.311495 2
0.224616 0.49563 6
0.946904 0.508978 7
0.340872 0.0775018 0
0.573667 0.226257 0
0.367499 0.381162 4
0.758184 0.231629 1
0.935892 0.742388 9
0.48112 0.880475 3
0.359168 0.38434 4
0.129369 0.778556 8
0.401193 0.500253 4
0.470969 0.656182 3
0.373938 0.915861 3
0.431922 0.359214 4
0.400878 0.766296 3
0.993057 0.866515 9
0.479728 0.291359 0
0.445987 0.344016 4
0.243532 0.186941 5
0.955876 0.499305 7
0.109975 0.383907 6
0.388717 0.513535 4
0.980041 0.976633 9
0.565894 0.618092 3
0.675629 0.502222 2
0.486678 0.314524 4
0.683922 0.0918953 1
0.317145 0.890979 8
0.227378 0.967582 8
0.98417 0.575383 7
0.040436 0.0934782 5
0.200302 0.326812 5
0.113108 0.797211 8
0.364155 0.233734 0
0.0436939 0.382672 6
0.00450673 0.116491 5
0.604645 0.934945 3
0.199366 0.741061 8
0.197706 0.00149519 5
0.896538 0.846109 9
0.0667787 0.177135 5
0.234301 0.928321 8
0.381929 0.807382 3
0.435814 0.381245 4
0.765348 0.615761 7
0.269318 0.582811 6
0.703853 0.827078 9
0.677179 0.640747 7
0.595902 0.0920509 0
0.945189 0.714842 7
0.272871 0.692351 6
0.620817 0.658851 3
0.378909 0.573176 4
0.660027 0.201656 1
0.508012 0.120342 0
0.105531 0.911061 8
0.124547 0.893267 8
0.469799 0.454903 4
0.339815 0.416218 4
0.377232 0.564983 4
0.335593 0.821976 8
0.233562 0.24847 5
0.480552 0.935081 3
0.0239157 0.723414 6
0.00600659 0.40486 6
0.764207 0.446079 2
0.429489 0.253217 0
0.475096 0.22826 0
0.283521 0.653294 6
0.599447 0.929546 3
0.968869 0.52238 7
0.0875565 0.299903 5
0.517805 0.673163 3
0.946197 0.155107 1
0.0366847 0.870036 8
0.805164 0.765748 9
0.468601 0.677781 3
0.411469 0.192052 0
0.390894 0.787047 3
0.801856 0.961134 9
0.887667 0.682085 7
0.520912 0.723927 3
0.183204 0.923085 8
0.712577 0.594486 7
0.434042 0.633542 3
0.617679 0.898854 3
0.570736 0.213377 0
0.441379 0.242969 0
0.90495 0.843526 9
0.555819 0.196392 0
0.043542 0.134169 5
0.443219 0.674204 3
0.223998 0.68452 6
0.861949 0.757241 9
0.425527 0.645728 3
0.988367 0.885412 9
0.33815 0.685447 3
0.163211 0.557368 6
0.356534 0.438146 4
0.438899 0.663233 3
0.845996 0.468572 7
0.146585 0.754154 8
0.751643 0.953845 9
0.394056 0.463879 4
0.540596 0.892123 3
0.704217 0.0212781 1
0.207323 0.853895 8
0.585474 0.873908 3
0.411399 0.210468 0
0.00414073 0.996051 8
0.136382 0.642969 6
0.489709 0.380149 4
0.537202 0.0782836 0
0.970034 0.492737 7
0.0152895 0.419343 6
0.757202 0.312084 2
0.745022 0.767363 9
0.239121 0.967972 8
0.0278887 0.863605 8
0.512649 0.153379 0
0.258393 0.593517 6
0.278457 0.838421 8
0.219529 0.384061 6
0.506813 0.339773 4
0.824143 0.263882 1
0.0889772 0.154785 5
0.626945 0.563563 2
0.0632983 0.993049 8
0.479441 0.319437 4
0.729162 0.0242919 1
0.434249 0.664414 3
0.962136 0.761638 9
0.885159 0.118906 1
0.429771 0.0317904 0
0.271994 0.384297 4
0.343821 0.373741 4
0.80308 0.189544 1
0.824496 0.541921 7
0.338745 0.552236 4
0.161423 0.495455 6
0.0219533 0.862975 8
0.331581 0.344043 4
0.995152 0.613456 7
0.417654 0.790657 3
0.0676647 0.570504 6
0.520701 0.861228 3
0.5862 0.485272 2
0.520226 0.781897 3
0.347321 0.557789 4
0.70739 0.995555 9
0.693684 0.961871 9
0.399033 0.608781 4
0.745295 0.348416 2
0.269175 0.972833 8
0.348534 0.999903 8
0.852271 0.216068 1
0.828219 0.983627 9
0.27682 0.664454 6
0.769589 0.083282 1
0.819332 0.308361 2
0.706382 0.950138 9
0.035109 0.611713 6
0.292405 0.114659 5
0.711855 0.979047 9
0.512711 0.346344 4
0.44909 0.414618 4
0.531902 0.409176 4
0.0803725 0.979428 8
0.996707 0.174135 1
0.24104 0.436956 6
0.698733 0.0313449 1
0.835498 0.638433 7
0.269294 0.870867 8
0.661209 0.316924 2
0.547846 0.979238 3
0.048433 0.708462 6
0.849414 0.692317 7
0.140018 0.59715 6
0.785955 0.418596 2
0.582428 0.253468 0
0.312749 0.80857 8
0.489498 0.448812 4
0.122884 0.374471 6
0.520721 0.231012 0
0.807936 0.383701 2
0.23849 0.308297 5
0.824464 0.904143 9
0.960298 0.0151941 1
0.753894 0.525484 7
0.12456 0.246534 5
0.281691 0.404217 4
0.470721 0.936789 3
0.0583551 0.709169 6
0.854106 0.3573 2
0.249217 0.221308 5
0.300839 0.145298 0
0.551678 0.2504 0
0.0272515 0.232633 5
0.820632 0.41737 2
0.883536 0.943616 9
0.243348 0.559972 6
0.881067 0.58142 7
0.168 0.247953 5
0.987625 0.299387 1
0.867703 0.795012 9
0.741985 0.721942 9
0.789982 0.847408 9
0.0623664 0.16781 5
0.505529 0.21249 0
0.533218 0.493182 4
0.126771 0.0859612 5
0.0116528 0.825036 8
0.0817417 0.961565 8
0.983832 0.745696 9
0.450383 0.275788 0
0.412452 0.345293 4
0.396295 0.726196 3
0.892526 0.157715 1
0.242671 0.209897 5
0.045346 0.854201 8
0.511276 0.0670348 0
0.446255 0.450611 4
0.777956 0.761397 9
0.134489 0.626876 6
0.509686 0.0134918 0
0.147736 0.666848 6
0.367026 0.963685 8
0.50175 0.688283 3
0.133618 0.479448 6
0.734121 0.833482 9
0.199607 0.396907 6
0.473527 0.440372 4
0.475442 0.2959 0
0.808721 0.913078 9
0.349001 0.63786 4
0.380706 0.578752 4
0.695539 0.501516 2
0.674582 0.757146 3
0.843296 0.18881 1
0.216385 0.514371 6
0.509657 0.807725 3
0.517383 0.900052 3
0.777603 0.506316 7
0.826326 0.475856 7
0.341715 0.433423 4
0.456208 0.650532 3
0.0521571 0.729509 8
0.968233 0.458818 7
0.0687723 0.201256 5
0.103214 0.256354 5
0.793907 0.00104944 1
0.873579 0.939547 9
0.185003 0.173586 5
0.965763 0.36038 7
0.811776 0.00901068 1
0.990792 0.0164902 1
0.607571 0.92845 3
0.831261 0.310403 2
0.82208 0.393048 2
0.499806 0.363278 4
0.354718 0.582075 4
0.782068 0.699491 7
0.768078 0.0142733 1
0.531693 0.352789 4
0.208615 0.920852 8
0.196808 0.184475 5
0.178814 0.658095 6
0.61174 0.505633 2
0.586802 0.940576 3
0.86121 0.905935 9
0.0541578 0.897413 8
0.0313506 0.647643 6
0.930832 0.502463 7
0.419321 0.331743 4
0.916124 0.925969 9
0.619125 0.714429 3
0.339127 0.138175 0
0.979001 0.657022 7
0.274388 0.977084 8
0.60897 0.330585 2
0.895813 0.0779004 1
0.804154 0.159579 1
0.107674 0.258944 5
0.714826 0.608008 7
0.421278 0.159046 0
0.923752 0.766285 9
0.686267 0.812909 9
0.774245 0.112425 1
