0.844422 0.757954 2
0.420572 0.258917 5
0.511275 0.404934 5
0.783799 0.303313 8
0.476597 0.583382 7
0.908113 0.504687 8
0.281838 0.755804 4
0.618369 0.250506 6
0.909746 0.982785 2
0.810217 0.902166 2
0.310148 0.729832 7
0.898838 0.683984 2
0.472143 0.100701 6
0.434172 0.610887 7
0.913011 0.966606 2
0.47701 0.86531 0
0.260492 0.805028 4
0.548699 0.0140417 6
0.719705 0.398824 8
0.824845 0.668153 2
0.00114282 0.493578 3
0.867603 0.243911 9
0.325204 0.870471 0
0.191067 0.567511 3
0.238616 0.96754 4
0.803179 0.44797 8
0.0804458 0.320055 3
0.507941 0.932834 0
0.109058 0.551267 3
0.706561 0.547441 8
0.814467 0.540284 8
0.963839 0.603186 8
0.587617 0.444989 5
0.596287 0.384901 5
0.575651 0.29033 5
0.189391 0.18673 1
0.612773 0.656659 7
0.476531 0.0898244 6
0.757604 0.87677 2
0.923381 0.84246 2
0.898173 0.923082 2
0.5406 0.391296 5
0.705283 0.275634 9
0.811629 0.849486 2
0.895039 0.589801 8
0.949765 0.579695 8
0.450563 0.660245 7
0.996258 0.916941 2
0.793325 0.082373 9
0.612783 0.486444 5
0.630147 0.845078 0
0.243036 0.731489 4
0.117134 0.220461 1
0.794583 0.332536 8
0.815913 0.100608 9
0.146358 0.697671 4
0.0452341 0.573866 3
0.910016 0.534198 8
0.680589 0.0266968 6
0.635 0.606338 7
0.575953 0.391209 5
0.37014 0.980517 0
0.036392 0.0216365 1
0.961031 0.184972 9
0.123895 0.210577 1
0.800747 0.936969 2
0.0227826 0.425619 3
0.1015 0.25992 1
0.220829 0.646926 3
0.350294 0.180318 1
0.503636 0.0393787 6
0.100921 0.988235 4
0.199356 0.358555 3
0.731598 0.838327 2
0.918482 0.169425 9
0.672641 0.966549 2
0.0580509 0.676202 4
0.845425 0.342313 8
0.250687 0.596791 3
0.442314 0.174819 6
0.471625 0.409905 5
0.569113 0.5086 5
0.311446 0.357152 5
0.837661 0.250933 9
0.5606 0.0124363 6
0.741574 0.335917 8
0.0456965 0.280883 1
0.24013 0.953129 4
0.352226 0.287878 5
0.359201 0.946906 0
0.633748 0.621077 7
0.715619 0.388017 8
0.414418 0.650833 7
0.00152422 0.19231 1
0.334402 0.239416 1
0.637399 0.378648 5
0.875423 0.568151 8
0.414406 0.402267 5
0.70183 0.418227 8
0.662196 0.0467797 6
0.445352 0.259227 5
0.157687 0.527573 3
0.487266 0.561405 7
0.755485 0.883875 2
0.494583 0.312058 5
0.466892 0.809046 0
0.875016 0.812415 2
0.188001 0.99942 4
0.633089 0.0834671 6
0.725554 0.986821 2
0.401817 0.678515 7
0.316177 0.213525 1
0.717324 0.00235756 9
0.822731 0.528346 8
0.0977843 0.118904 1
0.649265 0.873654 2
0.279983 0.978515 4
0.100181 0.853938 4
0.396696 0.0813454 6
0.274714 0.452978 3
0.792342 0.86136 2
0.133421 0.520865 3
0.650783 0.347053 5
0.871864 0.27841 9
0.0185743 0.0406633 1
0.680997 0.558356 8
0.946503 0.938439 2
0.909851 0.0420045 9
0.749135 0.701325 2
0.655362 0.712358 2
0.90271 0.640141 8
0.372449 0.537929 7
0.207844 0.587125 3
0.00889708 0.151023 1
0.333408 0.789623 0
0.718499 0.338256 8
0.620538 0.041203 6
0.163861 0.981914 4
0.289531 0.394792 3
0.548484 0.293407 5
0.478065 0.239706 5
0.0482564 0.179587 1
0.52305 0.0708629 6
0.403169 0.328521 5
0.414722 0.0994003 6
0.908658 0.474005 8
0.840848 0.976229 2
0.343652 0.479087 7
0.699595 0.426535 8
0.301903 0.734751 7
0.8944 0.919689 2
0.626742 0.375571 5
0.97456 0.638879 8
0.0658347 0.0846696 1
0.74987 0.0611562 9
0.00785101 0.393808 3
0.519004 0.448544 5
0.488619 0.584889 7
0.679303 0.423038 8
0.368331 0.988459 0
0.260917 0.7771 4
0.431221 0.35852 5
0.063858 0.863579 4
0.702004 0.903011 2
0.451612 0.676921 7
0.11891 0.397954 3
0.207232 0.0421014 1
0.947961 0.215894 9
0.146354 0.19797 1
0.378032 0.546391 7
0.151334 0.98869 4
0.982989 0.148402 9
0.405907 0.679929 7
0.877657 0.495406 8
0.917047 0.32246 8
0.498441 0.498647 5
0.670068 0.201991 6
0.609771 0.218773 6
0.34022 0.962566 0
0.899008 0.818118 2
0.0354683 0.148367 1
0.256882 0.784167 4
0.842333 0.582948 8
0.718132 0.807055 2
0.0663591 0.0846431 1
0.868895 0.0394158 9
0.225091 0.040632 1
0.0152851 0.843955 4
0.330594 0.16069 1
0.148819 0.656084 3
0.968598 0.505 8
0.901091 0.502429 8
0.573873 0.678571 7
0.80511 0.757846 2
0.990533 0.746965 2
0.905781 0.206105 9
0.535416 0.598614 7
0.825697 0.482214 8
0.79104 0.388569 8
0.586388 0.851317 0
0.798059 0.656985 2
0.000240697 0.181969 1
0.506858 0.254459 5
0.0656208 0.859883 4
0.942947 0.302805 9
0.408073 0.810038 0
0.0622588 0.640985 3
0.127321 0.287088 1
0.829941 0.055527 9
0.0359338 0.417866 3
0.491831 0.863325 0
0.717189 0.673544 2
0.151374 0.986706 4
0.41114 0.611771 7
0.386683 0.0470329 6
0.470889 0.151368 6
0.0324655 0.6174 3
0.629966 0.105293 6
0.549144 0.346668 5
0.383414 0.77642 0
0.49032 0.881277 0
0.61012 0.467188 5
0.632313 0.337865 5
0.124324 0.68253 4
0.622037 0.788566 0
0.127109 0.911783 4
0.799341 0.916887 2
0.872535 0.681006 2
0.810251 0.519007 8
0.785489 0.189127 9
0.782114 0.44458 8
0.756616 0.45547 8
0.789559 0.0753396 9
0.0446409 0.93429 4
0.486165 0.901071 0
0.944783 0.666511 2
0.571797 0.215979 6
0.0934762 0.819394 4
0.888772 0.779396 2
0.698502 0.420111 8
0.305312 0.113445 1
0.42597 0.566013 7
0.922881 0.935755 2
0.415641 0.099211 6
0.773819 0.734279 2
0.0307008 0.446719 3
0.686418 0.0301342 6
0.919282 0.962242 2
0.722543 0.0785385 9
0.0703295 0.359253 3
0.0293775 0.347878 3
0.00996424 0.974324 4
0.819007 0.0705176 9
0.893435 0.207978 9
0.204791 0.673759 4
0.938262 0.123188 9
0.00718457 0.36913 3
0.02465 0.604848 3
0.859176 0.186992 9
0.112391 0.34445 3
0.959172 0.130158 9
0.966519 0.36224 8
0.47337 0.292632 5
0.937127 0.958148 2
0.635916 0.184046 6
0.992952 0.10258 9
0.580849 0.156403 6
0.897675 0.945678 2
0.80439 0.315891 8
0.242839 0.754858 4
0.29106 0.419785 3
0.0462557 0.132234 1
0.0205496 0.0779211 1
0.0732111 0.420232 3
0.550777 0.740879 7
0.142283 0.422189 3
0.636966 0.0845557 6
0.444811 0.369256 5
0.948932 0.0578571 9
0.408626 0.417225 5
0.728181 0.320671 8
0.20399 0.293312 1
0.470888 0.950268 0
0.796517 0.27697 9
0.558182 0.6882 7
0.795657 0.446164 8
0.398777 0.767641 0
0.431717 0.247958 5
0.453447 0.937105 0
0.142567 0.462435 3
0.637304 0.483288 8
0.20364 0.00184316 1
0.698992 0.618735 8
0.00777665 0.29856 1
0.768634 0.62892 8
0.545208 0.156221 6
0.706294 0.471435 8
0.678179 0.76009 2
0.232363 0.761995 4
0.280088 0.984015 4
0.120832 0.883718 4
0.0405471 0.256576 1
0.526102 0.581616 7
0.396235 0.102032 6
0.252608 0.283397 1
0.755223 0.908774 2
0.59541 0.035451 6
0.792236 0.305604 8
0.33989 0.530185 7
0.249047 0.919978 4
0.163555 0.41483 3
0.289692 0.519834 3
0.573982 0.62714 7
0.531376 0.410805 5
0.634594 0.403413 5
0.77855 0.788177 2
0.292254 0.371804 3
0.628811 0.15707 6
0.697032 0.381428 8
0.591062 0.139533 6
0.668258 0.354058 5
0.472666 0.415107 5
0.476715 0.694696 7
0.31824 0.652054 7
0.0602221 0.300185 1
0.74521 0.0524059 9
0.621142 0.0255468 6
0.471529 0.888545 0
0.0101101 0.526828 3
0.0664568 0.86711 4
0.686297 0.741954 2
0.669008 0.00642345 6
0.0411779 0.620877 3
0.999685 0.873147 2
0.699686 0.7271 2
0.226687 0.751614 4
0.287924 0.10546 1
0.460895 0.330196 5
0.168255 0.42171 3
0.897201 0.43527 8
0.447292 0.708828 7
0.524162 0.129223 6
0.910392 0.444124 8
0.789338 0.388875 8
0.806846 0.389536 8
0.22016 0.196195 1
0.940035 0.58653 8
0.0497933 0.388348 3
0.234029 0.0846571 1
0.186756 0.0569905 1
0.638074 0.173374 6
0.61078 0.612507 7
0.704924 0.512119 8
0.284424 0.877457 4
0.353071 0.458294 5
0.631879 0.516124 8
0.956468 0.954718 2
0.92976 0.934076 2
0.58096 0.490202 5
0.704117 0.21542 9
0.265872 0.0438073 1
0.162858 0.00387455 1
0.654628 0.140407 6
0.786679 0.680504 2
0.970676 0.396514 8
0.921392 0.453704 8
0.339504 0.102339 1
0.882832 0.79479 2
0.322929 0.455744 3
0.325143 0.0288291 1
0.0443525 0.368704 3
0.209591 0.524515 3
0.187785 0.201622 1
0.672668 0.735603 2
0.312232 0.859994 0
0.254639 0.34394 3
0.71248 0.0445029 9
0.934183 0.0723377 9
0.460931 0.724605 7
0.0474685 0.809003 4
0.978893 0.460512 8
0.118124 0.081477 1
0.0987304 0.765441 4
0.414013 0.919234 0
0.44064 0.0771433 6
0.426936 0.754828 7
0.829338 0.0393517 9
0.180389 0.490013 3
0.128085 0.871093 4
0.934461 0.319597 8
0.434844 0.557054 7
0.285506 0.541076 3
0.201185 0.296641 1
0.441784 0.60467 7
0.536165 0.260988 5
0.231788 0.11873 1
0.783494 0.0989008 9
0.732885 0.248774 9
0.284557 0.736083 4
0.659621 0.741922 2
0.515283 0.859096 0
0.121794 0.645197 3
0.118244 0.737283 4
0.358905 0.674882 7
0.703484 0.660608 2
0.221558 0.8318 4
0.240136 0.518153 3
0.674646 0.233603 6
0.628512 0.286831 5
0.171382 0.809749 4
0.553123 0.327885 5
0.585431 0.0252864 6
0.129823 0.395581 3
0.975757 0.510475 8
0.0764562 0.765041 4
0.781444 0.774802 2
0.569498 0.695699 7
0.213458 0.732561 4
0.816174 0.759967 2
0.353462 0.591028 7
0.628989 0.90081 0
0.108014 0.833934 4
0.526436 0.358614 5
0.455603 0.0126355 6
0.220074 0.652763 3
0.660849 0.494699 8
0.953326 0.480915 8
0.313944 0.847781 0
0.259158 0.604306 3
0.703419 0.821696 2
0.785369 0.384092 8
0.0591803 0.0382879 1
0.72646 0.961691 2
0.343165 0.441195 5
0.725798 0.657831 2
0.260107 0.671585 7
0.304902 0.356358 5
0.539513 0.732314 7
0.151216 0.0219872 1
0.62783 0.0245647 6
0.0449632 0.225776 1
0.653877 0.0665451 6
0.0624058 0.972093 4
0.422653 0.892429 0
0.216524 0.435213 3
0.358035 0.176936 1
0.328813 0.986796 0
0.747309 0.382668 8
0.409284 0.263741 5
0.531337 0.735637 7
0.686647 0.46265 8
0.041939 0.921508 4
0.408934 0.390299 5
0.00311011 0.138227 1
0.868853 0.513935 8
0.732435 0.148168 9
0.330051 0.840137 0
0.820659 0.246794 9
0.0219753 0.806467 4
0.168844 0.787681 4
0.683659 0.168315 6
0.0784886 0.927649 4
0.597878 0.62051 7
0.457512 0.150071 6
0.60197 0.252473 6
0.805895 0.732719 2
0.0272672 0.932423 4
0.036316 0.0896193 1
0.292735 0.150809 1
0.236145 0.355809 3
0.7355 0.404711 8
0.26984 0.492313 3
0.392593 0.310764 5
0.900542 0.550448 8
0.977328 0.772912 2
0.570499 0.262447 5
0.686844 0.455918 8
0.721388 0.403779 8
0.496005 0.0206838 6
0.739959 0.0342735 9
0.680725 0.582004 8
0.775918 0.289778 9
0.686111 0.207098 6
0.529272 0.34028 5
0.978455 0.971867 2
0.20897 0.566038 3
0.329443 0.968538 0
0.924526 0.586146 8
0.720084 0.681325 2
0.353356 0.916362 0
0.899454 0.330658 8
0.747395 0.00909213 9
0.816359 0.564869 8
0.952307 0.363193 8
0.625713 0.323002 5
0.782785 0.600703 8
0.987471 0.00101279 9
0.140759 0.0436014 1
0.125848 0.929385 4
0.948608 0.480413 8
0.946689 0.818388 2
0.778618 0.747282 2
0.187655 0.548877 3
0.423879 0.949788 0
0.173834 0.169859 1
0.658862 0.157402 6
0.110054 0.503923 3
0.796661 0.605046 8
0.754754 0.265759 9
0.284963 0.428704 3
0.990848 0.717918 2
0.946254 0.53787 8
0.55456 0.99009 0
0.189988 0.78259 4
0.791514 0.844742 2
0.750053 0.155333 9
0.661128 0.923703 2
0.563285 0.360941 5
0.94952 0.561599 8
0.411636 0.614133 7
0.804125 0.228302 9
0.015692 0.529095 3
0.941357 0.680258 2
0.630908 0.627815 7
0.49699 0.730919 7
0.249194 0.891754 4
0.274473 0.944945 4
0.926497 0.0779245 9
0.44818 0.744036 7
0.449654 0.508899 7
0.806824 0.704992 2
0.958004 0.164486 9
0.923559 0.927986 2
0.634749 0.940391 0
0.252686 0.881787 4
0.773479 0.609689 8
0.0906292 0.0301344 1
0.0109695 0.250558 1
0.762352 0.386625 8
0.775447 0.625642 8
0.389262 0.880147 0
0.0384172 0.465313 3
0.829852 0.126813 9
0.710488 0.328116 8
0.0243013 0.473725 3
0.521693 0.0415863 6
0.565919 0.347434 5
0.00449321 0.190773 1
0.110811 0.540622 3
0.0431202 0.928133 4
0.845062 0.945298 2
0.314801 0.905267 0
0.984312 0.764731 2
0.275083 0.670889 7
0.595663 0.404203 5
0.306098 0.0598482 1
0.125382 0.133956 1
0.480893 0.641893 7
0.764068 0.0467138 9
0.82376 0.0434712 9
0.554947 0.744148 7
0.631221 0.949679 0
0.344698 0.585883 7
0.0827991 0.559797 3
0.813299 0.201605 9
0.260965 0.700406 4
0.253882 0.259245 1
0.935515 0.998543 2
0.155198 0.900162 4
0.552727 0.0386011 6
0.585503 0.64155 7
0.0337957 0.757692 4
0.8178 0.0716432 9
0.6484 0.456547 8
0.238721 0.45867 3
0.15939 0.333666 3
0.655207 0.476486 8
0.55592 0.543443 7
0.820594 0.343383 8
0.812962 0.0799871 9
0.427733 0.35232 5
0.451581 0.83351 0
0.512399 0.987247 0
0.861461 0.118847 9
0.316892 0.0227255 1
0.733753 0.0192008 9
0.885939 0.193343 9
0.413836 0.0620393 6
0.311255 0.389515 5
0.052231 0.767551 4
0.71135 0.357884 8
0.835193 0.0774218 9
0.0540064 0.35498 3
0.901841 0.756468 2
0.672318 0.562736 8
0.803766 0.412227 8
0.0306886 0.802404 4
0.190493 0.387659 3
0.357609 0.123366 1
0.350784 0.177087 1
0.616014 0.653434 7
0.0136466 0.456476 3
0.554053 0.871663 0
0.496031 0.0804504 6
0.0517239 0.862109 4
0.790729 0.858448 2
0.262243 0.647997 7
0.095718 0.826573 4
0.333613 0.955147 0
0.471383 0.0330677 6
0.909056 0.625532 8
0.287081 0.0368039 1
0.376686 0.156861 6
0.54828 0.146884 6
0.174614 0.920869 4
0.64012 0.242581 6
0.878896 0.624716 8
0.945599 0.482917 8
0.887901 0.678444 2
0.0441686 0.24029 1
0.281576 0.170017 1
0.238187 0.22604 1
0.878344 0.462899 8
0.876512 0.137998 9
0.564918 0.0134677 6
0.930301 0.00563711 9
0.389908 0.801586 0
0.999882 0.0195097 9
0.824085 0.510088 8
0.038182 0.777119 4
0.111902 0.611474 3
0.778325 0.673591 2
0.379874 0.0264416 6
0.436264 0.913695 0
0.332923 0.247959 1
0.137831 0.510252 3
0.533348 0.0730482 6
0.407758 0.658681 7
0.966051 0.431541 8
0.436035 0.471134 5
0.225033 0.394838 3
0.645265 0.397059 5
0.581376 0.835582 0
0.997968 0.88504 2
0.371797 0.0217271 6
0.611605 0.474551 5
0.237017 0.0403041 1
0.32157 0.798071 0
0.964119 0.10666 9
0.877639 0.0487177 9
0.713476 0.0267957 9
0.42105 0.870231 0
0.393108 0.924564 0
0.713195 0.604184 8
0.161379 0.340496 3
0.411096 0.590205 7
0.996038 0.28371 9
0.503563 0.933448 0
0.345421 0.628605 7
0.766132 0.63027 8
0.753431 0.195693 9
0.957338 0.176898 9
0.583681 0.296043 5
0.634423 0.29111 5
0.431213 0.682223 7
0.269069 0.727876 4
0.346878 0.132156 1
0.613129 0.165758 6
0.430577 0.398397 5
0.0761689 0.71077 4
0.680824 0.777795 2
0.544913 0.553917 7
0.169233 0.207464 1
0.228249 0.525304 3
0.818983 0.356974 8
0.881872 0.735878 2
0.716447 0.335172 8
0.118477 0.96279 4
0.854611 0.408868 8
0.863218 0.899217 2
0.342474 0.501561 7
0.33179 0.695158 7
0.912167 0.984544 2
0.743779 0.305242 8
0.880493 0.99262 2
0.346526 0.948712 0
0.511546 0.964635 0
0.995856 0.812942 2
0.683437 0.154014 6
0.00491728 0.595471 3
0.70446 0.935538 2
0.51712 0.696847 7
0.647356 0.20492 6
0.6443 0.981721 0
0.111185 0.688543 4
0.614305 0.375855 5
0.793348 0.0104859 9
0.892412 0.817364 2
0.480705 0.108139 6
0.452629 0.584253 7
0.253883 0.486531 3
0.775729 0.922732 2
0.561645 0.827242 0
0.0779332 0.856368 4
0.920815 0.168001 9
0.827487 0.849566 2
0.878659 0.517139 8
0.608254 0.208083 6
0.708132 0.405017 8
0.0211691 0.134267 1
0.388218 0.88518 0
0.564942 0.916257 0
0.929484 0.086795 9
0.588215 0.334528 5
0.506795 0.455525 5
0.479943 0.101806 6
0.83316 0.49028 8
0.644988 0.472679 8
0.181018 0.541001 3
0.15954 0.852179 4
0.831604 0.143639 9
0.068844 0.0684919 1
0.393244 0.953041 0
0.55614 0.265527 5
0.229649 0.110873 1
0.141071 0.811863 4
0.138633 0.864062 4
0.822998 0.136809 9
0.558725 0.00705527 6
0.862036 0.558277 8
0.75534 0.490345 8
0.690422 0.931239 2
0.559546 0.874705 0
0.343045 0.0975325 1
0.00514464 0.22665 1
0.838587 0.311495 8
0.224616 0.49563 3
0.946904 0.508978 8
0.340872 0.0775018 1
0.573667 0.226257 6
0.367499 0.381162 5
0.758184 0.231629 9
0.935892 0.742388 2
0.48112 0.880475 0
0.359168 0.38434 5
0.129369 0.778556 4
0.401193 0.500253 7
0.470969 0.656182 7
0.373938 0.915861 0
0.431922 0.359214 5
0.400878 0.766296 0
0.993057 0.866515 2
0.479728 0.291359 5
0.445987 0.344016 5
0.243532 0.186941 1
0.955876 0.499305 8
0.109975 0.383907 3
0.388717 0.513535 7
0.980041 0.976633 2
0.565894 0.618092 7
0.675629 0.502222 8
0.486678 0.314524 5
0.683922 0.0918953 6
0.317145 0.890979 0
0.227378 0.967582 4
0.98417 0.575383 8
0.040436 0.0934782 1
0.200302 0.326812 3
0.113108 0.797211 4
0.364155 0.233734 5
0.0436939 0.382672 3
0.00450673 0.116491 1
0.604645 0.934945 0
0.199366 0.741061 4
0.197706 0.00149519 1
0.896538 0.846109 2
0.0667787 0.177135 1
0.234301 0.928321 4
0.381929 0.807382 0
0.435814 0.381245 5
0.765348 0.615761 8
0.269318 0.582811 3
0.703853 0.827078 2
0.677179 0.640747 8
0.595902 0.0920509 6
0.945189 0.714842 2
0.272871 0.692351 7
0.620817 0.658851 7
0.378909 0.573176 7
0.660027 0.201656 6
0.508012 0.120342 6
0.105531 0.911061 4
0.124547 0.893267 4
0.469799 0.454903 5
0.339815 0.416218 5
0.377232 0.564983 7
0.335593 0.821976 0
0.233562 0.24847 1
0.480552 0.935081 0
0.0239157 0.723414 4
0.00600659 0.40486 3
0.764207 0.446079 8
0.429489 0.253217 5
0.475096 0.22826 5
0.283521 0.653294 7
0.599447 0.929546 0
0.968869 0.52238 8
0.0875565 0.299903 1
0.517805 0.673163 7
0.946197 0.155107 9
0.0366847 0.870036 4
0.805164 0.765748 2
0.468601 0.677781 7
0.411469 0.192052 6
0.390894 0.787047 0
0.801856 0.961134 2
0.887667 0.682085 2
0.520912 0.723927 7
0.183204 0.923085 4
0.712577 0.594486 8
0.434042 0.633542 7
0.617679 0.898854 0
0.570736 0.213377 6
0.441379 0.242969 5
0.90495 0.843526 2
0.555819 0.196392 6
0.043542 0.134169 1
0.443219 0.674204 7
0.223998 0.68452 4
0.861949 0.757241 2
0.425527 0.645728 7
0.988367 0.885412 2
0.33815 0.685447 7
0.163211 0.557368 3
0.356534 0.438146 5
0.438899 0.663233 7
0.845996 0.468572 8
0.146585 0.754154 4
0.751643 0.953845 2
0.394056 0.463879 5
0.540596 0.892123 0
0.704217 0.0212781 6
0.207323 0.853895 4
0.585474 0.873908 0
0.411399 0.210468 5
0.00414073 0.996051 4
0.136382 0.642969 3
0.489709 0.380149 5
0.537202 0.0782836 6
0.970034 0.492737 8
0.0152895 0.419343 3
0.757202 0.312084 8
0.745022 0.767363 2
0.239121 0.967972 4
0.0278887 0.863605 4
0.512649 0.153379 6
0.258393 0.593517 3
0.278457 0.838421 4
0.219529 0.384061 3
0.506813 0.339773 5
0.824143 0.263882 9
0.0889772 0.154785 1
0.626945 0.563563 7
0.0632983 0.993049 4
0.479441 0.319437 5
0.729162 0.0242919 9
0.434249 0.664414 7
0.962136 0.761638 2
0.885159 0.118906 9
0.429771 0.0317904 6
0.271994 0.384297 3
0.343821 0.373741 5
0.80308 0.189544 9
0.824496 0.541921 8
0.338745 0.552236 7
0.161423 0.495455 3
0.0219533 0.862975 4
0.331581 0.344043 5
0.995152 0.613456 8
0.417654 0.790657 0
0.0676647 0.570504 3
0.520701 0.861228 0
0.5862 0.485272 5
0.520226 0.781897 0
0.347321 0.557789 7
0.70739 0.995555 2
0.693684 0.961871 2
0.399033 0.608781 7
0.745295 0.348416 8
0.269175 0.972833 4
0.348534 0.999903 0
0.852271 0.216068 9
0.828219 0.983627 2
0.27682 0.664454 7
0.769589 0.083282 9
0.819332 0.308361 8
0.706382 0.950138 2
0.035109 0.611713 3
0.292405 0.114659 1
0.711855 0.979047 2
0.512711 0.346344 5
0.44909 0.414618 5
0.531902 0.409176 5
0.0803725 0.979428 4
0.996707 0.174135 9
0.24104 0.436956 3
0.698733 0.0313449 6
0.835498 0.638433 8
0.269294 0.870867 4
0.661209 0.316924 5
0.547846 0.979238 0
0.048433 0.708462 4
0.849414 0.692317 2
0.140018 0.59715 3
0.785955 0.418596 8
0.582428 0.253468 5
0.312749 0.80857 0
0.489498 0.448812 5
0.122884 0.374471 3
0.520721 0.231012 6
0.807936 0.383701 8
0.23849 0.308297 1
0.824464 0.904143 2
0.960298 0.0151941 9
0.753894 0.525484 8
0.12456 0.246534 1
0.281691 0.404217 3
0.470721 0.936789 0
0.0583551 0.709169 4
0.854106 0.3573 8
0.249217 0.221308 1
0.300839 0.145298 1
0.551678 0.2504 5
0.0272515 0.232633 1
0.820632 0.41737 8
0.883536 0.943616 2
0.243348 0.559972 3
0.881067 0.58142 8
0.168 0.247953 1
0.987625 0.299387 9
0.867703 0.795012 2
0.741985 0.721942 2
0.789982 0.847408 2
0.0623664 0.16781 1
0.505529 0.21249 6
0.533218 0.493182 5
0.126771 0.0859612 1
0.0116528 0.825036 4
0.0817417 0.961565 4
0.983832 0.745696 2
0.450383 0.275788 5
0.412452 0.345293 5
0.396295 0.726196 7
0.892526 0.157715 9
0.242671 0.209897 1
0.045346 0.854201 4
0.511276 0.0670348 6
0.446255 0.450611 5
0.777956 0.761397 2
0.134489 0.626876 3
0.509686 0.0134918 6
0.147736 0.666848 4
0.367026 0.963685 0
0.50175 0.688283 7
0.133618 0.479448 3
0.734121 0.833482 2
0.199607 0.396907 3
0.473527 0.440372 5
0.475442 0.2959 5
0.808721 0.913078 2
0.349001 0.63786 7
0.380706 0.578752 7
0.695539 0.501516 8
0.674582 0.757146 2
0.843296 0.18881 9
0.216385 0.514371 3
0.509657 0.807725 0
0.517383 0.900052 0
0.777603 0.506316 8
0.826326 0.475856 8
0.341715 0.433423 5
0.456208 0.650532 7
0.0521571 0.729509 4
0.968233 0.458818 8
0.0687723 0.201256 1
0.103214 0.256354 1
0.793907 0.00104944 9
0.873579 0.939547 2
0.185003 0.173586 1
0.965763 0.36038 8
0.811776 0.00901068 9
0.990792 0.0164902 9
0.607571 0.92845 0
0.831261 0.310403 8
0.82208 0.393048 8
0.499806 0.363278 5
0.354718 0.582075 7
0.782068 0.699491 2
0.768078 0.0142733 9
0.531693 0.352789 5
0.208615 0.920852 4
0.196808 0.184475 1
0.178814 0.658095 3
0.61174 0.505633 5
0.586802 0.940576 0
0.86121 0.905935 2
0.0541578 0.897413 4
0.0313506 0.647643 3
0.930832 0.502463 8
0.419321 0.331743 5
0.916124 0.925969 2
0.619125 0.714429 7
0.339127 0.138175 1
0.979001 0.657022 2
0.274388 0.977084 4
0.60897 0.330585 5
0.895813 0.0779004 9
0.804154 0.159579 9
0.107674 0.258944 1
0.714826 0.608008 8
0.421278 0.159046 6
0.923752 0.766285 2
0.686267 0.812909 2
0.774245 0.112425 9
